length	hg38	miRNA   piRNA	Y_RNA	snRNA	srpRNA	tRNA	other_lncRNA	mRNA
15	0.269129038158139	0.107030882703711	0.225741012188928	0.0323227589754395	0.76358528974615	1.63666718160694	1.63666718160694	1.9564169257196	1.77994527917105
16	0.301764401509019	0.209981688425176	0.206442428161806	0.0365985329776094	0.911990668839541	1.91202424188644	1.91202424188644	4.85972562471452	1.25875698036289
17	0.363924346379919	0.348138001891178	0.180078316415119	0.0750203802041116	1.33872238311393	1.53563684479217	1.53563684479217	2.00097163976553	1.33442319422376
18	1.51914089254414	1.95239861679049	0.258730044713922	0.271922438648632	1.55345607853237	2.0087525460717	2.0087525460717	3.14435178397943	2.74923542268939
19	1.14889420696152	1.65622334161707	0.25553733903188	0.0802589223134788	3.97279776739925	1.71946445223021	1.71946445223021	3.15450151439877	1.83668381991255
20	3.83413805608394	7.0222807654641	0.210146915752541	0.0409241501966396	8.66544157371813	2.1913664138964	2.1913664138964	4.35643779564733	3.61074579116036
21	21.6079202192078	45.0528105105884	0.529157638837563	0.0816728149041996	14.0346071429755	3.6225407359672	3.6225407359672	4.23339183302514	1.86627018697395
22	14.9118893986104	30.1514552190829	1.00351281227367	0.151385259497559	13.6012290652802	2.89153233884454	2.89153233884454	3.39613449824525	7.14011188798182
23	5.06508476930877	9.93815785755445	0.392914064270724	0.235973268705137	9.79232380884121	2.92325814373765	2.92325814373765	4.39826856494825	3.04925582220037
24	1.4781544192313	2.80721507482152	0.66747545531248	0.0648716473510656	4.81084397832144	1.8755513665056	1.8755513665056	2.77587319484095	1.04832055819855
25	0.403454878324354	0.380274489621201	2.76179209349146	0.0922686687695353	2.53418823263499	1.33290187137745	1.33290187137745	3.02463701493076	1.25100557054238
26	0.560667374245332	0.0881798515723896	7.34174308127912	0.361343972125762	0.480599508746463	1.22578935050029	1.22578935050029	3.32265738999582	2.61055918314616
27	0.639924685240327	0.027027597267093	18.4040389602282	0.201024966570081	0.506627903806215	1.20235068996714	1.20235068996714	2.61935914678472	1.31697140247346
28	0.435549236139433	0.0145043823978594	4.8464391039519	0.361963175676583	0.6766999314863	1.56072753979903	1.56072753979903	3.59638781192056	2.14789261325418
29	0.515848778387224	0.0069505265285852	2.06616411415534	0.691486223946056	0.452539090122996	1.38507918875532	1.38507918875532	7.04288926299889	2.33329161778231
30	0.862683714606808	0.00421787200388819	3.11852554931654	1.65227261288264	0.980240499122723	1.23927534620405	1.23927534620405	8.16066085661629	1.38589708416385
31	6.0313365681787	0.00342568506362007	4.57101457520983	14.4455918037136	0.847326762492327	1.26458856014002	1.26458856014002	3.3316273226912	2.07157943769729
32	27.6941794572221	0.00272991542853513	5.29940563479338	68.8143325465872	1.59697205484966	1.09701157752502	1.09701157752502	3.68126384817941	1.37089161632664
33	3.42408768380106	0.00245122219655445	4.69668923199341	8.06332468738348	1.19124167623045	0.978618021241657	0.978618021241657	4.87756139030612	0.970143324254978
34	0.438291391649331	0.00228941947317554	2.3715386172891	0.781163979582147	0.571145215778688	1.22214138866242	1.22214138866242	2.49554978563526	0.661874163119665
35	0.221893420509197	0.00311879986643943	2.11654017443923	0.172877227570762	0.61883800412706	2.73997671912562	2.73997671912562	2.49117759407001	1.17457513317808
36	0.554419290704403	0.00310521081267923	0.862474530376832	1.05466111691606	0.794013771346199	2.47600858221795	2.47600858221795	1.71593944964393	1.37910398635558
37	0.456473420832952	0.00282431061978283	0.595624890568488	0.85893140829782	0.764140093072092	1.81497227380428	1.81497227380428	1.11884555654553	1.16939943960987
38	0.16365284858615	0.0025043853083591	0.24191354645589	0.225635638734378	0.474647777131986	0.930088665701654	0.930088665701654	0.825743896991389	0.682706329731711
39	0.13825449507179	0.00260603994464935	0.198832355453301	0.199442260942337	0.570960281336707	0.856138208260051	0.856138208260051	0.948786389620273	0.418636782966792
40	0.162079158954067	0.012349010593907	0.199616409856463	0.2393728830278	0.37230911647638	0.845747248570299	0.845747248570299	1.37758734238605	0.461049165651914
41	0.10517121096112	0.0206689731749631	0.318244744864065	0.0650921718915249	0.480822783255684	0.938605071988582	0.938605071988582	0.805095701825474	0.525543159724532
42	0.0761269044535215	0.0177550565811481	0.259883531090909	0.0204365196069443	0.472356394289883	0.897479528089947	0.897479528089947	0.737913161432687	0.511815441236975
43	0.10145683667953	0.00978339052227233	0.161072340587448	0.0121188410471763	0.34583642769626	0.934073777432117	0.934073777432117	0.467368193362629	1.05472547898921
44	0.184849922836699	0.00656929363537852	0.179950653378293	0.00924241369024461	0.23492086846928	0.993762794416987	0.993762794416987	0.440404610380234	2.35147528495125
45	0.132322528490996	0.00780995295827519	0.30429897029254	0.00811490274177834	0.276700265270415	1.04781466519768	1.04781466519768	0.347738439149958	1.48203154868276
46	0.102797946970977	0.00516983955359974	0.487001722411617	0.00840528785526664	0.307719634965573	1.15614766868604	1.15614766868604	0.282349885296248	0.913174303409266
47	0.22002695141068	0.00423081689392934	3.90585626050381	0.0148125099422872	0.571219640615095	1.4834595274143	1.4834595274143	0.326663434807435	1.06010334808743
48	0.0823691536210254	0.00368114359032568	0.388645825747456	0.0208560833922417	0.347981216163622	1.01797015670525	1.01797015670525	0.158737966765889	0.585326463947958
49	0.321892989826359	0.0170359458137389	1.3128957088115	0.0794488866338492	1.58118496833911	3.06673565203002	3.06673565203002	0.586855677849763	2.33019024515198
50	5.47014940430093	0.103044909638682	29.0600613464953	0.474829036698577	22.5037701254061	43.975741660648	43.975741660648	10.9401254945287	42.1062889326891
