hg38	miRNA	piRNA	Y_RNA	snRNA	srpRNA	lncRNA	tRNA	mRNA
0.244412344700453	0.130395681854308	0.459730233768487	0.0466010474533641	0.993589437379981	3.49216045611892	0.706176046384616	3.33923303834808	2.7743445796767
0.299055731670507	0.208137381837914	0.496805252620784	0.0818411975910054	1.4817857859388	2.76929342292812	0.646398863510831	2.25893149786955	1.77670775409672
1.17950762255347	1.4320553117509	0.382852034299289	0.306747788934329	2.83172989653295	2.8812869069436	0.926804439823786	3.01540478531629	3.87982204076198
0.855195411708642	1.1789058341124	0.565009296735859	0.0991710177597536	3.9829561196511	2.62675626145388	0.937851345812551	3.67879383808587	3.31310396857977
2.83528913077786	5.40601031316798	0.362495750363405	0.0383065239899414	10.1307907634397	2.98309916513948	1.06845261754889	5.87217305801377	2.95119434613294
18.1088320705868	40.9251127169305	0.65349967192106	0.0882054369337002	14.5159595303379	5.08043168397475	1.3042576014586	5.81186496230744	2.716208270001
15.6283184168642	34.2330181396115	1.11036183819343	0.187540279545028	13.2816157292851	3.25799226226838	1.42628977789524	4.2569649295313	2.58861904075089
5.69764054491922	12.1147897343404	0.463018018459162	0.288342423000895	8.85727660956712	4.08267155365506	0.975121748260628	4.98721730580138	1.93758113010773
1.66675416918527	3.51259346552955	0.617963616115461	0.0460062920139516	5.36251683847484	2.81001832620648	0.651457727001013	2.61029170763684	1.35488666748028
0.362975934329437	0.434641604788963	1.75903476237711	0.0570359782167081	2.82504227531981	1.24210954998982	0.697710193196964	2.58144870534251	0.927296328758612
0.578044735314174	0.0997605732019076	6.08079276183707	0.305148715926568	0.451892119116088	1.22174709835064	0.536342772071357	3.28154703375942	0.757103391654555
0.464748332689841	0.0258344822239915	13.553437693682	0.110624511730714	0.478642603968626	1.46609651802077	0.825730412132187	2.4306784660767	0.711171269124516
0.354831230872375	0.0119837859731385	3.33129537317755	0.203221166968579	0.480553352886664	1.70026471187131	0.856599803633503	3.42445099967224	0.628182796534011
0.483721666413451	0.0062194782394716	1.70922832195667	0.499712095630407	0.358265422132205	1.39482793728365	1.05936731168897	6.28515240904621	0.648375178902289
0.659711687719153	0.00391517755383547	2.3173285840001	1.10711766271227	0.757611946002236	1.45591529220118	0.679746065701215	6.83185840707965	0.686541000521452
6.69297162734706	0.00323953383428166	3.45364293539013	14.7362341538632	0.479597978427645	1.90388922826308	0.439295186749494	2.73877417240249	0.53720612872089
30.9710363565996	0.00289815595492816	5.23303398170313	70.4012761528569	1.34612261275807	1.81225819588678	0.374149414049393	2.94329727958047	0.497930835543031
3.3551036502179	0.00272391099567481	4.21801789953929	7.26175379204672	1.02129529669154	1.15047851761352	0.324593200268017	4.16650278597181	0.557620405400908
0.438057741440744	0.00260300633007045	2.74669927402916	0.707954850440732	0.44902599573903	1.50682142129912	0.419782427573077	2.44116683054736	0.764425903941952
0.194554493703458	0.00316841344274968	1.74644324654048	0.142267637953346	0.457624365870203	4.47973936061902	0.466344620105162	2.57096034087185	0.417826989005137
0.532038543852778	0.00320041761893908	1.01109872168133	0.876452271695111	0.58277842000172	3.0543677458766	0.422260238262146	2.31530645689938	0.419158354875573
0.428018956917322	0.00266701468244923	0.654059294847132	0.746336164036827	0.585644543378777	2.09733251883527	0.355359349657288	1.40806293018682	0.418492671940355
0.158378009951127	0.0024358734099703	0.363335184752514	0.196849804806251	0.32769343944359	0.682142129912441	0.426286680631883	1.25073746312684	0.362575305382047
0.13860553818153	0.00253544195811507	0.299188406851463	0.186382821354555	0.533098948132721	0.763591936469151	0.364651139741296	1.31760078662734	0.43313769651515
0.142444807979982	0.00938077964306809	0.577810671169766	0.185613556834118	0.201584010853054	0.366524129505192	0.449103187393725	1.8577515568666	0.414054785705568
0.100869496265811	0.0154900212756651	0.792286157587018	0.0592369294835158	0.394569651574935	0.559967420077377	0.388913036071762	0.839069157653228	0.395859452142944
0.0676650007116355	0.015162867474618	0.341300032038413	0.0195806311729916	0.411766391837281	0.437792710242313	0.428454764984818	0.87708947885939	0.355918476029867
0.0843694638201865	0.00966881722877261	0.240288093882342	0.0110154405634891	0.279924716492629	0.590511097536143	0.567315405684717	0.582104228121927	0.406510379106432
0.183776971102642	0.00841709833780977	0.227486719448436	0.00608288796716437	0.155726036820132	0.509061290979434	0.651044758552835	0.545394952474598	0.368566451799008
0.111896362326712	0.0100386432647389	0.380963306923795	0.00557360636335611	0.138529296557786	0.519242516799023	0.313133325831073	0.487708947885939	0.36146583382335
0.0769836317633833	0.00493575517231937	0.36732249810078	0.0056590801989603	0.149038415606997	1.06902871105681	0.346583770133502	0.369714847590954	0.454439550442124
0.175043755131093	0.00394718173002486	3.66776865747859	0.00971196457052532	0.513036084493317	7.34066381592344	0.687076255656377	0.390691576532284	1.12367279464791
1.15472969697646	0.027861413382653	6.27148427389625	0.0624493211383064	14.8809125736833	12.3701893708002	17.7302841119681	8.44051130776795	32.0153550863724
5.57441686540579	0.146251973146363	33.5449174346325	0.913946794246813	10.3018027916042	20.321726735899	61.5470624005649	3.79154375614553	32.0446451355219
